5.499125
4.397667
4.156481
4.696892
3.748055
3.612630
3.992681
3.430773
3.518047
3.830600
5.415721
4.926470
3.754934
3.734298
2.723982
2.528798
2.374456
2.662074
2.334473
2.201198
2.669382
2.224844
2.312977
2.366718
2.822864
2.406700
2.340062
2.628970
2.052445
2.019771
1.960012
2.231722
1.731724
1.837054
1.929917
1.542558
1.469901
1.298793
1.455714
1.117366
1.054597
1.197331
0.887788
0.830608
0.944537
0.727427
0.784607
0.780307
0.819860
0.668958
0.748923
0.853394
0.705501
0.742044
0.694323
0.850385
0.717109
0.721408
0.762681
0.689164
0.770849
0.717969
0.762681
0.689164
0.638433
0.721408
0.644452
0.663369
0.650901
0.760531
0.631985
0.624676
0.723128
0.614358
0.700772
0.676266
0.686585
0.557178
0.617367
0.689164
0.509027
0.468614
0.466035
0.357265
0.309114
0.271280
0.306964
0.267841
0.235597
0.253654
0.213241
0.217110
0.221410
0.266981
0.167669
0.155202
0.187876
0.176268
0.171969
0.180997
0.186586
0.171969
0.199913
0.215391
0.189165
0.199054
0.216250
0.254943
0.270421
0.321581
0.385640
0.335339
0.275580
0.289337
0.355115
0.289337
0.358554
0.366293
0.278589
0.276010
0.306104
0.321151
0.346087
0.263112
0.386069
0.254084
0.203783
0.249784
0.210662
0.227428
0.254513
0.169819
0.140584
0.097592
0.141444
0.098882
0.118228
0.088564
0.094153
0.053310
0.058899
0.081685
0.046432
0.052880
0.029665
0.029665
0.024506
0.020206
0.014187
0.024076
0.020206
0.012468
0.009028
0.004299
0.005159
0.005589
0.004729
0.006449
0.004299
