0.000000
0.000000
0.000000
0.000000
0.009423
0.000000
0.000000
0.009423
0.000000
0.037693
0.018847
0.037693
0.047117
0.179044
0.131927
0.197891
0.226161
0.197891
0.103657
0.122504
0.141350
0.084810
0.084810
0.103657
0.122504
0.160197
0.103657
0.131927
0.169620
0.179044
0.348664
0.310971
0.452321
0.339241
0.310971
0.386358
0.405204
0.650212
0.348664
0.358088
0.621942
0.904643
0.810409
1.206190
1.498314
1.187343
2.082562
3.307599
3.109709
4.334745
3.825884
3.797614
4.287629
5.032074
5.135731
5.456125
4.928417
5.767096
5.248811
4.221665
4.212242
4.909570
3.807037
4.645716
4.645716
3.128555
1.837555
1.639665
1.159073
1.667935
1.375810
0.819832
0.508861
0.499438
0.320394
0.254431
0.113080
0.075387
0.065964
0.018847
0.000000
0.009423
0.000000
0.000000
0.000000
0.000000
0.000000
0.000000
0.000000
0.000000
0.000000
0.000000
0.000000
0.000000
0.000000
0.000000
0.000000
0.000000
0.000000
0.000000
0.000000
0.000000
0.000000
0.000000
0.000000
0.000000
0.000000
0.000000
0.009423
0.009428
0.094283
0.188565
0.245135
0.301704
0.480841
0.461984
0.565695
0.688262
0.829686
0.791973
0.923969
1.319955
1.923363
2.036502
1.979933
2.140213
2.687051
2.328778
2.357063
2.225067
2.385347
2.394776
2.866188
2.828475
3.413027
3.347029
3.705302
4.205000
4.478419
3.997578
5.053542
4.770695
4.676412
3.469596
3.111323
2.140213
2.102500
1.715942
1.150247
1.376525
1.150247
1.084249
0.697691
0.801401
0.744832
0.886256
0.678834
0.565695
0.565695
0.603408
0.452556
0.301704
0.301704
0.395987
0.395987
0.273419
0.273419
0.358274
0.367702
0.348845
0.245135
0.395987
0.339417
0.358274
0.358274
0.433700
0.329989
0.433700
0.301704
0.245135
0.235706
0.263991
0.282848
0.329989
0.282848
0.301704
0.395987
0.377130
0.622265
0.263991
0.367702
0.329989
0.311132
0.301704
0.301704
0.188565
0.245135
0.141424
0.169709
0.141424
0.141424
0.065998
0.018857
0.075426
0.037713
0.084854
0.037713
0.065998
0.018857
0.018857
0.009428
0.009428
0.047141
0.018857
0.028285
0.009428
0.000000
0.000000
0.037700
0.103675
0.169650
0.207350
0.254475
0.395850
0.518374
0.819974
0.725724
0.631474
0.810549
0.885949
1.074449
1.112149
1.517423
1.074449
1.206399
1.404323
1.347773
1.507998
1.969823
2.054648
2.186597
2.393947
2.836922
3.308171
3.091396
2.978297
3.732296
4.090445
3.854821
4.439170
4.684220
4.571120
4.288370
3.185646
2.931172
2.092348
1.988673
2.205447
1.460873
1.366623
1.394898
1.215824
1.140424
1.178124
0.810549
0.914224
0.895374
0.763424
0.546649
0.546649
0.725724
0.688024
0.650324
0.631474
0.612624
0.461824
0.678599
0.593774
0.669174
0.584349
0.565499
0.527799
0.499524
0.490099
0.414700
0.508949
0.527799
0.348725
0.386425
0.254475
0.254475
0.358150
0.197925
0.320450
0.301600
0.348725
0.254475
0.348725
0.490099
0.461824
0.311025
0.263900
0.292175
0.386425
0.320450
0.367575
0.207350
0.329875
0.292175
0.254475
0.160225
0.131950
0.122525
0.075400
0.065975
0.065975
0.065975
0.094250
0.037700
0.047125
0.018850
0.000000
0.000000
0.000000
0.009425
0.000000
0.000000
0.000000
0.000000
0.018870
0.000000
0.009435
0.009435
0.009435
0.028304
0.018870
0.018870
0.037739
0.047174
0.037739
0.056609
0.056609
0.009435
0.056609
0.094348
0.132087
0.141522
0.273609
0.292478
0.283043
0.283043
0.434000
0.434000
0.424565
0.424565
0.377391
0.320782
0.301913
0.358522
0.283043
0.254739
0.330217
0.320782
0.500043
0.622695
1.226521
0.943478
0.632130
0.613261
0.811391
1.217086
1.330304
1.792608
2.169999
2.368129
2.141695
2.217173
2.207738
2.151130
2.386999
1.707695
1.651086
1.349173
1.481260
1.037826
1.443521
1.245391
1.424652
0.783087
0.886869
0.707608
1.132173
0.792521
0.556652
0.613261
0.726478
1.094434
1.028391
0.990652
1.273695
1.518999
1.594478
1.877521
2.000173
2.188869
2.396434
2.736086
3.179520
2.519086
2.481347
1.811478
2.311521
2.386999
2.481347
2.585129
2.820999
2.736086
2.802129
1.698260
1.632217
1.509565
1.500130
1.018956
1.037826
1.000087
0.915174
0.424565
0.349087
0.452869
0.415130
0.386826
0.207565
0.188696
0.122652
0.150956
0.122652
0.009431
0.009431
0.000000
0.000000
0.037723
0.037723
0.028292
0.066015
0.066015
0.113168
0.179183
0.150891
0.141460
0.132030
0.160322
0.169753
0.235767
0.292352
0.198045
0.264060
0.235767
0.198045
0.113168
0.103738
0.254629
0.330074
0.320644
0.330074
0.320644
0.264060
0.169753
0.198045
0.216906
0.292352
0.320644
0.273490
0.292352
0.405520
0.339505
0.612995
0.377228
0.886486
1.131684
1.716387
1.103392
1.093961
1.659803
2.027600
1.848417
2.253937
2.329382
1.980446
2.263367
2.593442
2.621734
2.499135
1.905001
2.027600
1.697526
1.546634
1.801263
1.358020
1.320298
1.744679
1.207129
1.565496
1.301436
1.188268
0.867624
0.697872
0.886486
1.056238
1.159976
1.093961
0.971362
1.867278
1.801263
1.480619
1.716387
2.395397
2.970670
2.499135
2.423689
2.480273
2.744333
2.659457
2.706610
1.971016
2.253937
1.838986
2.876363
1.612649
1.103392
1.254283
1.093961
0.782748
0.754456
0.735594
1.244852
0.301782
0.311213
0.358366
0.264060
0.301782
0.188614
0.132030
0.047153
0.066015
0.094307
0.110629
0.141696
0.337190
0.465246
0.454638
0.218984
0.156092
0.112144
0.102294
0.130330
0.112902
0.114417
0.111386
0.143969
0.340221
0.394020
0.618308
1.197214
1.147961
0.494798
0.329613
0.179582
0.122752
0.103051
0.368854
0.432328
0.458423
0.712318
1.276531
0.933066
0.586781
0.385780
0.238380
0.172085
0.131885
0.141758
0.111432
0.107906
0.084632
0.075463
0.089569
0.157980
0.296212
0.394949
0.248254
0.109316
0.053600
0.071937
1.072835
1.767572
1.575183
0.806964
0.838361
0.622591
0.325992
0.132935
0.112227
0.066134
0.054109
0.062794
0.040749
0.025385
0.016700
0.014028
0.021377
0.021377
0.016032
0.002004
0.006012
0.015364
0.015364
0.007348
0.540691
0.551707
0.632489
0.662782
1.550470
1.170426
0.840871
0.391060
0.213890
0.214808
0.115666
0.103732
0.088126
0.073438
0.043145
0.045899
0.036719
0.033965
0.045899
0.038555
0.073438
0.043145
0.059669
0.068849
0.370215
0.438588
0.882179
1.167345
0.690401
0.455264
0.246810
0.203452
0.383556
0.350203
0.315183
0.281830
0.201784
0.131743
0.135078
0.111732
0.163428
0.205119
0.125073
0.136746
0.123405
0.188443
0.150087
0.181772
