x
-1 1
1 0 5.739118
2 0 4.550955
3 0 3.913223
4 0 3.818684
5 0 3.767396
6 0 5.196733
7 0 5.643771
8 0 5.776595
9 0 5.202483
10 0 4.197458
11 0 2.391924
12 0 2.381332
13 0 2.351589
14 0 2.460286
15 0 2.56526
16 0 2.554382
17 0 2.206444
18 0 2.143412
19 0 2.04486
20 0 1.895822
21 0 2.227785
22 0 1.689612
23 0 2.03961
24 0 1.625776
25 0 1.271061
26 0 1.074138
27 0 1.082982
28 0 0.920981
29 0 1.980491
30 0 0.890915
31 0 1.241502
32 0 1.182383
33 0 1.091115
34 0 1.13835
35 0 1.355628
36 0 1.110916
37 0 1.655336
38 0 1.950931
39 0 1.537097
40 0 1.300621
41 0 1.596216
42 0 1.095159
43 0 0.953464
44 0 0.93197
45 0 0.91264
46 0 1.232818
47 0 0.973029
48 0 1.00137
49 0 1.17472
50 0 1.039157
51 0 1.064144
52 0 1.891812
53 0 1.418859
54 0 1.182383
55 0 0.916346
56 0 1.093704
57 0 1.152823
58 0 1.034585
59 0 0.6503100000000001
60 0 0.827668
61 0 0.916346
62 0 0.798108
63 0 0.6207510000000001
64 0 0.389339
65 0 0.384274
66 0 0.472953
67 0 0.550075
68 0 0.718765
69 0 0.612417
70 0 0.550075
71 0 0.5134030000000001
72 0 0.385053
73 0 0.357997
74 0 0.313302
75 0 0.32003
76 0 0.424366
77 0 0.449447
78 0 0.531712
79 0 0.378779
80 0 0.41498
81 0 0.404302
82 0 0.375469
83 0 0.262829
84 0 0.337922
85 0 0.48811
86 0 0.413016
87 0 0.450563
88 0 0.600751
89 0 0.450563
90 0 0.713392
91 0 0.550688
92 0 0.450563
93 0 0.300375
94 0 0.300375
95 0 0.150188
96 0 0.08760999999999999
97 0 0.06257799999999999
98 0 0.08760999999999999
99 0 0.050063
